[events]
0 1 0 0
1 1 1000 256
2 1 1200 512
3 1 1500 768
4 1 1800 1024
5 1 2100 1280
6 1 2400 1536
7 1 2700 1792
8 1 3000 2048
9 1 3300 2304
10 1 3600 2560
11 1 3900 2816
12 1 4200 3072
13 1 4500 3328
14 1 4800 3584
15 1 5100 3840
16 1 5400 4096
17 1 5700 4352
18 1 6000 4608
19 1 6300 4864
20 1 6600 5120
21 1 6900 5376
22 1 7200 5632
23 1 7500 5888
24 1 7800 6144
25 1 8100 6400
26 1 8400 6656
27 1 8700 6912
28 1 9000 7168
29 1 9300 7424
30 1 9600 7680
31 1 9900 7936
32 1 10200 8192
33 1 10500 8448
34 1 10800 8704
35 1 11100 8960
36 1 11400 9216
37 1 11700 9472
38 1 12000 9728
39 1 12300 9984
40 1 12600 10240
41 1 12900 10496
42 1 13200 10752
43 1 13500 11008
44 1 13800 11264
45 1 14100 11520
46 1 14400 11776
47 1 14700 12032
48 1 15000 12288
49 1 15300 12544
50 1 15600 12800
50 0 25000 12800
49 0 25200 12544
48 0 25400 12288
47 0 25600 12032
46 0 25800 11776
45 0 26000 11520
44 0 26200 11264
43 0 26400 11008
42 0 26600 10752
41 0 26800 10496
40 0 27000 10240
39 0 27200 9984
38 0 27400 9728
37 0 27600 9472
36 0 27800 9216
35 0 28000 8960
34 0 28200 8704
33 0 28400 8448
32 0 28600 8192
31 0 28800 7936
30 0 29000 7680
29 0 29200 7424
28 0 29400 7168
27 0 29600 6912
26 0 29800 6656
25 0 30000 6400
24 0 30200 6144
23 0 30400 5888
22 0 30600 5632
21 0 30800 5376
20 0 31000 5120
19 0 31200 4864
18 0 31400 4608
17 0 31600 4352
16 0 31800 4096
15 0 32000 3840
14 0 32200 3584
13 0 32400 3328
12 0 32600 3072
11 0 32800 2816
10 0 33000 2560
9 0 33200 2304
8 0 33400 2048
7 0 33600 1792
6 0 33800 1536
5 0 34000 1280
4 0 34200 1024
3 0 34400 768
2 0 34600 512
1 0 34800 256
0 0 35000 0
51 1 36000 1000
52 1 37000 1500
53 1 38000 2000
54 1 39000 2500
55 1 40000 3000
56 1 41000 3500
57 1 42000 4000
58 1 43000 4500
59 1 44000 5000
60 1 45000 5500
61 1 46000 6000
62 1 47000 6500
63 1 48000 7000
64 1 49000 7500
65 1 50000 8000
66 1 51000 8500
67 1 52000 9000
68 1 53000 9500
69 1 54000 10000
70 1 55000 10500
71 1 56000 11000
72 1 57000 11500
73 1 58000 12000
74 1 59000 12500
75 1 60000 13000
76 1 61000 13500
77 1 62000 14000
78 1 63000 14500
79 1 64000 15000
80 1 65000 15500
81 1 66000 16000
82 1 67000 16500
83 1 68000 17000
84 1 69000 17500
85 1 70000 18000
86 1 71000 18500
87 1 72000 19000
88 1 73000 19500
89 1 74000 20000
90 1 75000 20500
91 1 76000 21000
92 1 77000 21500
93 1 78000 22000
94 1 79000 22500
95 1 80000 23000
96 1 81000 23500
97 1 82000 24000
98 1 83000 24500
99 1 84000 25000
100 1 85000 25500
100 0 90000 25500
99 0 90200 25000
98 0 90400 24500
97 0 90600 24000
96 0 90800 23500
95 0 91000 23000
94 0 91200 22500
93 0 91400 22000
92 0 91600 21500
91 0 91800 21000
90 0 92000 20500
89 0 92200 20000
88 0 92400 19500
87 0 92600 19000
86 0 92800 18500
85 0 93000 18000
84 0 93200 17500
83 0 93400 17000
82 0 93600 16500
81 0 93800 16000
80 0 94000 15500
79 0 94200 15000
78 0 94400 14500
77 0 94600 14000
76 0 94800 13500
75 0 95000 13000
74 0 95200 12500
73 0 95400 12000
72 0 95600 11500
71 0 95800 11000
70 0 96000 10500
69 0 96200 10000
68 0 96400 9500
67 0 96600 9000
66 0 96800 8500
65 0 97000 8000
64 0 97200 7500
63 0 97400 7000
62 0 97600 6500
61 0 97800 6000
60 0 98000 5500
59 0 98200 5000
58 0 98400 4500
57 0 98600 4000
56 0 98800 3500
55 0 99000 3000
54 0 99200 2500
53 0 99400 2000
52 0 99600 1500
51 0 99800 1000

[functions]
ApplicationBootstrap::initialize
DatabaseConnectionManager::connect
ConfigurationLoader::loadConfiguration
LoggingSystem::initializeLogger
SecurityManager::authenticateUser
SessionManager::createSession
RequestRouter::routeRequest
ControllerFactory::createController
UserController::handleUserActions
ProductController::handleProductActions
OrderController::handleOrderActions
PaymentController::handlePaymentActions
CartController::handleCartActions
CategoryController::handleCategoryActions
SearchController::handleSearchActions
RecommendationEngine::generateRecommendations
DataValidationService::validateInput
DatabaseQueryBuilder::buildQuery
DatabaseConnection::executeQuery
ResultSetProcessor::processResults
CacheManager::getFromCache
CacheManager::storeInCache
RedisManager::connectToRedis
MemcachedManager::connectToMemcached
FileSystemManager::readFile
FileSystemManager::writeFile
ImageProcessor::resizeImage
ImageProcessor::compressImage
EmailService::sendEmail
SMSService::sendSMS
NotificationQueue::processNotifications
BackgroundJobProcessor::processJobs
CronJobScheduler::scheduleJobs
HealthCheckMonitor::checkSystemHealth
MetricsCollector::collectMetrics
AlertManager::sendAlerts
LoadBalancer::distributeTraffic
ApiGateway::routeApiRequest
RateLimiter::checkRateLimit
ThrottleManager::throttleRequests
CompressionService::compressResponse
DecompressionService::decompressRequest
EncryptionService::encryptData
DecryptionService::decryptData
TokenManager::generateToken
JWTManager::validateToken
OAuth2Provider::authenticateOAuth
LDAPConnector::authenticateLDAP
ActiveDirectoryConnector::authenticateAD
SingleSignOnProvider::authenticateSSO
TwoFactorAuth::validateTwoFactor
